Start_0	29.82	24.14	-1.2062438578272983
Start_1	32.28	6.979999999999997	2.3348447373602994
Start_2	56.0	6.420000000000002	-2.9196817668961748
Start_3	60.52	6.780000000000001	2.1400855988199163
Start_4	39.34	13.16	1.1784569765241333
Start_5	45.86	17.24	0.9581819394870674
Start_6	27.54	14.759999999999998	-1.7556148216983465
Start_7	49.58	5.5	-0.09765734176907248
Start_8	28.78	15.899999999999999	-0.638682307757978
Start_9	50.82	16.099999999999998	-2.4509861369227792
Start_10	29.68	12.059999999999999	2.8960864201615912
Start_11	32.34	9.259999999999998	3.140287343491865
Start_12	56.980000000000004	8.420000000000002	-1.8848622285392038
Start_13	63.76	13.18	-0.5739319610348539
Start_14	46.42	6.719999999999999	2.340483321975424
Start_15	23.06	21.94	0.860039447649962
Start_16	45.74	12.879999999999999	1.77026200214872
Start_17	56.02	14.46	-1.3550966952750583
Start_18	44.82	12.7	-1.9795032288575458
Start_19	36.34	13.879999999999999	0.04418905773865589
Start_20	37.26	13.18	1.1805090503343107
Start_21	51.34	10.379999999999999	2.741471242936191
Start_22	41.56	16.52	3.1327167115493975
Start_23	43.980000000000004	7.719999999999999	-1.5937063557893285
Start_24	45.36	6.380000000000003	-0.18989276575499314
Start_25	55.9	6.019999999999996	2.328645669653458
Start_26	57.4	5.519999999999996	-2.469300272464045
Start_27	49.34	8.659999999999997	1.1546355019919439
Start_28	41.4	6.939999999999998	2.1351736022679226
Start_29	52.64	8.280000000000001	1.4192502101578635
Start_30	24.2	18.82	2.018907731783588
Start_31	19.5	13.620000000000001	1.3100237850083136
Start_32	30.14	23.36	0.27631833524820726
Start_33	22.2	18.919999999999998	0.5684030696621964
Start_34	40.04	16.5	-0.4048018319193214
Start_35	22.92	16.12	1.320872436848454
Start_36	35.22	6.159999999999997	1.0636702888727667
Start_37	24.86	15.14	0.30493366389734033
Start_38	47.12	7.619999999999997	-0.44353981736612536
Start_39	49.18	7.600000000000001	2.166852830766601
Start_40	63.42	14.5	2.7974673183506322
Start_41	29.68	22.8	0.44279596067405524
Start_42	63.160000000000004	9.96	2.028417884617279
Start_43	47.32	7.960000000000001	0.3300358546752311
Start_44	36.4	13.86	1.2317416243619137
Start_45	61.84	4.18	2.897050784122839
Start_46	39.7	8.439999999999998	-1.2876715109820907
Start_47	35.76	14.04	-3.02361833648115
Start_48	62.02	5.740000000000002	-0.19034660738879694
Start_49	55.28	5.619999999999997	-1.2174735886893895
Start_50	45.0	8.119999999999997	-1.4755082111943671
Start_51	44.38	5.619999999999997	-3.081599160595319
Start_52	55.7	14.719999999999999	0.9984330278911537
Start_53	32.6	11.919999999999998	-2.3754707199434515
Start_54	45.52	8.68	-2.0979155494096213
Start_55	51.18	11.780000000000001	2.6559709367042297
Start_56	58.74	6.839999999999996	-1.1926366631734728
Start_57	59.78	15.48	2.8337101063496464
Start_58	63.06	14.879999999999999	0.9116457086913954
Start_59	23.36	19.52	1.3545412968330988
Start_60	35.86	8.339999999999996	-2.9041605587455783
Start_61	56.22	11.379999999999999	1.52828707007595
Start_62	51.04	6.299999999999997	0.9924257166959674
Start_63	49.120000000000005	6.560000000000002	-0.7654392253909466
Start_64	44.2	12.98	-0.6271608950700833
Start_65	44.0	17.599999999999998	1.2325197547820732
Start_66	39.84	12.96	-1.3578163178243992
Start_67	32.42	13.8	2.9952518529132046
Start_68	59.6	13.899999999999999	3.0025146491653096
Start_69	48.18	11.939999999999998	2.0425880921184385
Start_70	60.56	15.64	0.42997044729939304
Start_71	32.82	17.18	-1.7398860731079868
Start_72	33.94	13.879999999999999	1.187150838698317
Start_73	34.1	6.380000000000003	2.549811545385187
Start_74	33.26	18.4	2.5803546969421935
Start_75	60.800000000000004	12.919999999999998	-1.9307773748851118
Start_76	33.44	9.879999999999999	-2.056888941218298
Start_77	33.64	6.380000000000003	1.163942784845844
Start_78	41.56	17.52	0.5518660204265275
Start_79	41.36	16.04	2.840110977034981
Start_80	47.26	16.439999999999998	-1.008926432926795
Start_81	27.5	14.719999999999999	1.779740579224721
Start_82	23.78	17.2	2.449322860287378
Start_83	40.86	7.420000000000002	-1.4164752662823947
Start_84	40.36	5.82	1.9466113245847572
Start_85	33.86	8.86	-1.9786708325372317
Start_86	36.64	16.24	0.350844268435341
Start_87	51.86	6.799999999999997	1.561412282363177
Start_88	60.42	5.859999999999999	-0.10504893895763923
Start_89	24.8	15.48	-0.07359987855214323
Start_90	35.68	10.099999999999998	2.822154991405685
Start_91	51.86	17.0	-2.780274199434369
Start_92	24.1	23.48	-1.047667755196671
Start_93	49.26	5.799999999999997	1.357873975571053
Start_94	50.04	4.159999999999997	-2.729091090523721
Start_95	56.58	11.34	-1.6993430344447358
Start_96	37.0	13.32	2.378000451637602
Start_97	23.54	21.16	1.3306197808020634
Start_98	45.36	12.599999999999998	1.7942411149608795
Start_99	33.4	10.46	2.935057904148894
Goal_0	58.06	7.68	1.1434958479815975
Goal_1	57.14	4.399999999999999	-2.421830222907243
Goal_2	36.54	13.939999999999998	-2.763554214349856
Goal_3	29.54	17.84	-0.4024928318915011
Goal_4	45.300000000000004	7.019999999999996	1.9578429327887443
Goal_5	61.480000000000004	14.3	2.0233808710150747
Goal_6	42.12	17.06	-2.2345281733677265
Goal_7	49.120000000000005	8.780000000000001	0.17318329104045826
Goal_8	35.6	11.239999999999998	0.956665247852162
Goal_9	39.0	7.579999999999998	-1.9864595166155767
Goal_10	32.06	14.239999999999998	-3.023065661227601
Goal_11	46.12	14.919999999999998	-1.4278372832745863
Goal_12	33.34	9.14	0.5294242157555122
Goal_13	45.32	6.219999999999999	0.48347756035996925
Goal_14	59.32	15.84	2.390352113461714
Goal_15	28.68	13.8	0.6783744875430462
Goal_16	37.0	18.54	-1.7328695497162478
Goal_17	36.64	13.559999999999999	-1.7168671511557283
Goal_18	21.16	13.559999999999999	0.9952626553148258
Goal_19	61.88	13.32	-2.812598690723226
Goal_20	45.54	5.600000000000001	1.5404103673299785
Goal_21	46.660000000000004	16.06	0.0825317359998361
Goal_22	40.68	6.68	1.3121725252877638
Goal_23	45.9	17.419999999999998	-2.154980121929028
Goal_24	41.54	15.68	-0.877511826090462
Goal_25	25.580000000000002	15.52	-0.7734285242465901
Goal_26	23.34	15.18	-2.3957429109579236
Goal_27	62.300000000000004	6.0	2.373154231551041
Goal_28	32.04	7.960000000000001	1.2106251936326302
Goal_29	57.980000000000004	4.039999999999999	0.7695668287427941
Goal_30	50.300000000000004	11.739999999999998	2.2852863910389285
Goal_31	38.42	13.32	-0.009856414082550558
Goal_32	54.72	7.939999999999998	-2.5493611252186987
Goal_33	32.58	9.52	-1.636757265966993
Goal_34	46.64	16.099999999999998	-2.0899650537394336
Goal_35	60.800000000000004	4.5	0.5147450836937693
Goal_36	57.64	10.879999999999999	1.8251991566699202
Goal_37	44.28	13.02	0.21138677941525152
Goal_38	46.42	8.579999999999998	0.5946057937728524
Goal_39	49.68	9.119999999999997	0.5874821237253376
Goal_40	58.08	15.2	0.6140821926380777
Goal_41	45.660000000000004	6.579999999999998	0.964187125000648
Goal_42	55.58	16.06	0.5852360054028818
Goal_43	47.54	15.439999999999998	0.9261207190882699
Goal_44	49.7	9.579999999999998	-0.2875988082287759
Goal_45	61.74	8.219999999999999	2.2480502541090432
Goal_46	23.8	20.12	-1.2849601953982557
Goal_47	40.800000000000004	16.4	-1.991520947949923
Goal_48	57.9	8.380000000000003	-0.27197334562709985
Goal_49	60.54	6.939999999999998	0.34565482610764997
Goal_50	41.300000000000004	10.620000000000001	2.8727521002462506
Goal_51	58.38	14.84	2.7678144025339817
Goal_52	61.160000000000004	13.759999999999998	2.811239573319617
Goal_53	55.72	4.039999999999999	-3.0544920464572334
Goal_54	42.56	12.86	2.983528812916685
Goal_55	43.02	12.419999999999998	2.3707098573165553
Goal_56	55.58	11.419999999999998	-1.2959612567374938
Goal_57	43.86	6.640000000000001	-0.5862099619436569
Goal_58	40.0	11.96	-0.5221926871171281
Goal_59	46.58	8.64	-2.6043472985599
Goal_60	53.160000000000004	8.5	-1.599985793956755
Goal_61	32.04	10.36	-1.6476222345376972
Goal_62	53.56	11.8	-0.4714682324662349
Goal_63	46.94	8.979999999999997	-1.2555452873578679
Goal_64	37.300000000000004	16.72	-1.6051150215450467
Goal_65	30.8	19.58	0.07677204739366195
Goal_66	58.34	8.979999999999997	-2.545326791928227
Goal_67	44.2	10.279999999999998	-3.137400445179785
Goal_68	46.02	14.879999999999999	1.6638096775924565
Goal_69	52.68	4.619999999999997	1.6808480677999107
Goal_70	62.620000000000005	10.239999999999998	1.430841221860824
Goal_71	22.88	21.94	0.5706160160005438
Goal_72	33.4	13.98	2.129384515863282
Goal_73	51.94	5.060000000000002	-0.7875591223916985
Goal_74	30.0	23.64	-0.30815350062213787
Goal_75	55.06	3.979999999999997	1.8177978628092442
Goal_76	35.52	13.899999999999999	-2.44171405520894
Goal_77	40.94	13.120000000000001	-1.1476297133848365
Goal_78	31.220000000000002	21.259999999999998	-1.6303329972651102
Goal_79	21.6	21.08	-1.6581328283640189
Goal_80	32.42	9.14	-0.5233632522734042
Goal_81	30.48	16.419999999999998	-0.8209249830346752
Goal_82	61.82	13.16	-0.8963766734981204
Goal_83	38.04	17.56	0.07132807877464264
Goal_84	32.14	10.34	-2.1305462534196957
Goal_85	41.02	17.74	1.536045763281856
Goal_86	28.94	21.32	-2.577550680012768
Goal_87	22.18	14.219999999999999	-1.2378144813058198
Goal_88	60.28	15.16	-2.4638003814962026
Goal_89	54.74	5.420000000000002	2.214552056366787
Goal_90	40.34	15.579999999999998	-0.05604345334843863
Goal_91	52.54	4.380000000000003	-1.737144150621081
Goal_92	51.300000000000004	11.899999999999999	2.3126348218631767
Goal_93	57.800000000000004	8.479999999999997	-0.32512329809447316
Goal_94	39.78	10.219999999999999	-1.0370260301947845
Goal_95	44.34	9.200000000000003	1.1989772339336415
Goal_96	39.94	8.96	-0.8908590466638868
Goal_97	44.84	12.739999999999998	-2.040636728709909
Goal_98	43.7	8.780000000000001	-1.2180065826551967
Goal_99	63.22	15.2	1.7496961083850513
