Start_0	29.132330557917207	10.782417350221694	-0.4838956759146709
Start_1	71.51250556003326	152.16325106150296	2.3748344763204186
Start_2	71.16819964795808	153.41049964765702	2.2940754570666355
Start_3	51.57413531793181	143.30021516701285	-1.6000391038754966
Start_4	31.960218150353594	159.40176201115713	0.038268957221181836
Start_5	24.368249801728506	148.51658433922316	-2.7284314023896634
Start_6	30.680898751532308	15.510065863017047	-2.0996298184344893
Start_7	33.19480159912567	12.44156761015708	2.7725293342219146
Start_8	31.990422400978066	160.92765894485848	-1.1720139484748666
Start_9	50.59455698939439	143.12110378492727	2.906860281536661
Start_10	70.0403019173159	152.96959886810248	2.243173122851036
Start_11	51.87425797776417	142.84398973568338	-2.0863202863894945
Start_12	70.14340277352278	152.37448251913884	1.403714966498467
Start_13	32.569990521345304	159.8747503130387	-2.738770631280833
Start_14	51.058558984960186	143.0048930220303	0.7998853944482329
Start_15	24.098724361246664	151.3080970992144	0.8355267759420326
Start_16	32.8731076188944	162.3456689292738	0.8231827497419535
Start_17	51.09099928593255	143.47230147385898	-1.5641786672146336
Start_18	49.36046188390768	143.33625517069038	-0.4603202265179651
Start_19	72.13200826403428	152.6372123400321	-1.937050610005843
Start_20	23.16306806744232	149.89222689982202	2.155123824845896
Start_21	28.642744954812606	10.361301304367712	-0.4728959850836354
Start_22	23.818288935381748	152.06702261915666	2.5450140753538584
Start_23	23.934128578571734	152.38312986348018	2.103120998610522
Start_24	71.92060158606238	152.95202859768654	2.7603863795842933
Start_25	70.07557484563388	153.5873289207391	-2.6751712803034104
Start_26	70.56083520379846	153.2501602909897	0.3179969244805729
Start_27	24.464715630326317	153.3835049380969	2.2927196527153493
Start_28	71.07852001003944	153.02909988782176	-1.000997190529079
Start_29	31.899320036243378	160.69893429762303	2.4878209242455305
Start_30	33.772070593434016	161.30160267131873	1.4337602124422704
Start_31	23.911163541692748	148.3607023212383	-1.02739156505915
Start_32	24.34081668789087	153.80393769691528	-0.6585344991074309
Start_33	29.194065950676517	12.063875852358477	-2.7350210155915766
Start_34	51.20657382810422	142.9745047191173	-1.5062974403496912
Start_35	23.977272543600517	149.7139691002401	0.8852852992162559
Start_36	70.81539509384119	153.32492150467087	-2.362226556035774
Start_37	70.82344747450746	153.13022657764074	2.9583993652652567
Start_38	23.375950161471557	151.00767336216703	1.896268507055182
Start_39	30.39076941358463	161.69614587228722	-1.9954105559329005
Start_40	36.520586625698655	16.639553295858892	-2.934719821870944
Start_41	31.44876166278964	161.253921033823	-2.1758321639205462
Start_42	31.71625770686832	161.60344139754494	2.967073838108532
Start_43	19.543436438512632	5.3701637646851745	-2.1123156600988464
Start_44	71.84544748862581	151.89051237813186	-0.39393243390375376
Start_45	71.19113650523224	152.53771349723482	1.3397230419849595
Start_46	30.351704986416603	10.464936818466356	-2.4361080331921725
Start_47	31.862136137696304	161.89466286283718	1.2810507436944292
Start_48	51.20197515118802	143.46099227075	2.7560804872648363
Start_49	49.236012782870205	143.13892407815348	0.4907144969739967
Goal_0	51.82653169603756	143.36498356240122	-2.1465618384270315
Goal_1	31.644421235785302	160.60977390646133	2.256510385201275
Goal_2	24.884453974845773	6.356511438958592	0.8059069123031795
Goal_3	71.62909051308388	153.067708837965	2.0032057191724126
Goal_4	24.194204042554134	151.0074705977074	-0.6771765675648211
Goal_5	23.698773049934047	148.82146871881122	2.6137805827567533
Goal_6	30.22242622724525	13.78386343757032	-1.5016484825898968
Goal_7	72.01006397737821	152.48293073355742	2.7204516873546583
Goal_8	23.063175827946548	11.085168490842788	3.025169966307929
Goal_9	70.99912697849115	152.35377817585302	1.1285201874843516
Goal_10	50.40894137465453	143.12216935535034	-2.2568067900953173
Goal_11	51.65488528668801	143.02414250214753	-0.023284231664886246
Goal_12	71.83044683764938	153.07431044002706	0.280549274730189
Goal_13	29.564215480213708	161.6087430582382	1.6614104509479797
Goal_14	23.551021947017627	149.5824471156024	3.0526579869293107
Goal_15	28.44791720753873	13.809684886917465	-0.08593994527324522
Goal_16	32.312625525072235	162.9048210294354	2.0323723583099653
Goal_17	31.47092360509186	162.83628897004152	2.1728225446635303
Goal_18	23.62778035532048	154.44660179188816	-1.8513925384449497
Goal_19	21.930379254029425	9.337800638158484	-2.805665405168274
Goal_20	23.83709924156993	152.37411331963878	1.6098824126642433
Goal_21	50.9980243562438	143.18659451703013	-2.354111676052317
Goal_22	31.446217252402267	160.2945798977823	0.5447053702223581
Goal_23	29.114416357179604	162.16712288414234	3.019680234672972
Goal_24	31.91031694904528	12.060737334760034	2.5784269178944483
Goal_25	26.16386906387693	9.015196497181163	1.0442855546475125
Goal_26	29.167673565851807	12.212704114602785	1.2116770315651388
Goal_27	32.05155472522862	161.9465711576907	1.8564183707697401
Goal_28	51.34444006520696	143.2249111958724	-0.7080096698815042
Goal_29	50.516988755925105	143.01534777535161	-0.3509953470691456
Goal_30	70.81774045730275	152.65641313763027	-2.778121856374144
Goal_31	51.59322666090675	142.79223040788526	0.3779239050184824
Goal_32	28.861575143539486	10.5999295039405	1.1605771869257542
Goal_33	26.07159617008953	11.612985805573599	-0.7021657570387174
Goal_34	71.24375725718407	152.6609864515526	1.3211196709770825
Goal_35	23.40346687744552	150.06102980801043	-3.1019641642951954
Goal_36	24.447631023861906	153.25851763294355	-1.7216271127213378
Goal_37	71.518789898267	152.46434398029234	0.532045822927782
Goal_38	29.092712860340647	13.283445328810954	-2.262172228853688
Goal_39	71.14359576211497	153.47716940689986	-1.8823376582675464
Goal_40	25.150945544034954	6.336635108900879	-1.231030998553089
Goal_41	24.203095116415962	10.407430331498148	-2.394061218392379
Goal_42	34.347020722451354	14.088044181248506	1.0580820619080225
Goal_43	51.94975789402049	143.03636531272855	0.042008453098036025
Goal_44	31.336844779417916	162.06411538193785	0.27818948387653863
Goal_45	50.71787037771089	143.18813328630046	-2.1994685404110363
Goal_46	51.3538545381519	143.40624002621442	1.745705631739324
Goal_47	30.87063668939589	161.85420261235367	0.24722722264549635
Goal_48	28.79707914654859	13.615603779738224	-3.1132753424239863
Goal_49	26.882742735558853	10.593630532624957	1.6945406277778032
