Start_0	19.9861970580541	6.633087134018069	2.0054902127687315
Start_1	19.87211912436969	4.406897567682677	1.3342950697361218
Start_2	24.284175792821543	151.00797365650968	1.9445274786194604
Start_3	25.736800626765024	10.39223297813379	1.531751079282163
Start_4	24.10242963059095	154.51249557167498	2.3686232142938346
Start_5	23.568783693944155	150.58441018504837	1.651641561308928
Start_6	50.86058192016758	143.05374560674105	-1.0035226874652006
Start_7	50.07636574483934	143.20153884701756	2.442363831713445
Start_8	50.508283333916474	142.9832227590097	2.2210224331967092
Start_9	36.231164426213326	13.254553294336716	-1.7264317398168945
Start_10	31.83240099963465	160.29622326299304	-2.382433645174186
Start_11	71.20238923722124	152.80270073755764	1.6138910304701186
Start_12	32.89042611458713	8.660213324167529	1.0367051793423858
Start_13	30.68241370550885	160.28223974498863	-0.8435798660587444
Start_14	24.66658706044336	153.04854776034279	2.251425472589127
Start_15	71.51831461532663	153.23031341498805	-2.656466537923977
Start_16	24.132719322589775	152.89056248358892	-2.448860275305181
Start_17	24.249059410606858	151.66729896680656	0.5598769893963773
Start_18	71.08549183030517	153.23894297564817	2.7017303953733265
Start_19	51.44010069416269	142.9684088458845	2.633867019465076
Start_20	51.5291720116863	143.11750255347823	1.500774176697699
Start_21	23.599827623687442	153.86683832316314	1.6607579336108316
Start_22	50.99400198571701	142.96731128886998	-0.9167074358074099
Start_23	24.31584621185724	152.77332028622754	-2.2352237555530174
Start_24	32.27352072977712	159.6163119803244	0.848591880614622
Start_25	70.07557484563388	153.58732892073914	-2.6751712803034104
Start_26	70.56083520379845	153.2501602909897	0.31799692448057293
Start_27	24.464715630326314	153.3835049380969	2.2927196527153493
Start_28	71.07852001003944	153.02909988782176	-1.000997190529079
Start_29	31.899320036243378	160.69893429762305	2.487820924245531
Start_30	33.772070593434016	161.30160267131876	1.4337602124422704
Start_31	23.911163541692744	148.3607023212383	-1.0273915650591499
Start_32	24.340816687890875	153.80393769691528	-0.6585344991074309
Start_33	29.194065950676514	12.063875852358478	-2.7350210155915766
Start_34	51.20657382810422	142.9745047191173	-1.5062974403496912
Start_35	23.977272543600513	149.7139691002401	0.8852852992162559
Start_36	70.81539509384118	153.32492150467087	-2.362226556035774
Start_37	70.82344747450745	153.13022657764074	2.958399365265257
Start_38	23.375950161471557	151.00767336216705	1.896268507055182
Start_39	30.390769413584632	161.69614587228722	-1.9954105559329005
Start_40	36.52058662569866	16.63955329585889	-2.9347198218709436
Start_41	31.448761662789636	161.253921033823	-2.1758321639205462
Start_42	31.71625770686832	161.60344139754494	2.967073838108532
Start_43	19.543436438512632	5.370163764685174	-2.1123156600988464
Start_44	71.84544748862582	151.89051237813186	-0.39393243390375376
Start_45	71.19113650523224	152.5377134972348	1.3397230419849597
Start_46	30.3517049864166	10.464936818466356	-2.4361080331921725
Start_47	31.862136137696304	161.8946628628372	1.2810507436944292
Start_48	51.201975151188016	143.46099227075	2.7560804872648363
Start_49	49.2360127828702	143.13892407815348	0.4907144969739967
Start_50	35.496797025641115	15.188034190350095	-0.9540087380732047
Start_51	24.262316149700542	153.11536017383304	-0.42345650894429365
Start_52	50.411472022408155	142.98950496660123	0.7850463356445161
Start_53	31.145432758398716	161.19450915401285	-2.809728547833215
Start_54	32.908195774666446	8.956389282128043	-1.094416332110975
Start_55	18.983697347583668	7.938196482307035	-0.7468516915479921
Start_56	70.24733903250669	152.90204214019994	-2.6128739590991312
Start_57	70.08527369112255	152.796995337654	-0.8893051974925652
Start_58	70.95318296633934	153.53470500219316	-1.8867348716912307
Start_59	29.35032621761706	159.697534525843	-3.128812754985891
Start_60	33.196451930722034	161.62339577025935	-2.2611839493020724
Start_61	36.40040886923575	17.15277845318306	0.63396569245231
Start_62	30.938425040502562	8.407292015013326	0.9937531562255453
Start_63	32.4160872701018	162.40035975959913	-2.597616993076467
Start_64	24.346129421335434	150.31208664318254	0.610386552734302
Start_65	31.243522068272796	162.11881326481154	-2.216774993404824
Start_66	24.057977913178703	151.8051907410504	0.6109353176749641
Start_67	23.987301702822	152.79851076835854	2.1711838278327207
Start_68	50.71505992179359	142.9002084541459	-2.5297152294013077
Start_69	29.96174988750817	8.377379546883475	-2.4464149282834304
Start_70	32.39723901205006	160.61711155547218	-2.4467905345018592
Start_71	70.47850438669067	152.29778555247503	-0.8512413863076147
Start_72	71.69346558068152	152.7740274673705	-1.995865342586874
Start_73	50.65534460349994	143.26348185067178	2.6582911605193136
Start_74	33.027364534386656	161.99264662588618	-2.3761133047029146
Start_75	50.72011855194169	143.17018248998988	2.8236925872362955
Start_76	71.81850169622074	152.75311352220066	-2.2707086129955414
Start_77	24.387778556084296	155.4553041311003	1.1127727410954735
Start_78	32.40847678176842	161.06881659054926	-2.4081052511347396
Start_79	24.61964842591116	152.76559471675333	-2.523582974210111
Start_80	71.03188615577393	152.61244128147365	2.2911573693218426
Start_81	32.70385706538551	162.7632707841711	1.739248942776321
Start_82	32.835001773538885	162.4924833212105	0.5523475323214684
Start_83	24.097514147697993	153.09927660948082	-1.9483887575783387
Start_84	50.49741217502027	143.61667691585325	-1.9574755069269842
Start_85	70.22235536726487	153.17704452983688	0.15076906533220757
Start_86	23.722711167700204	152.8619208949176	0.5059812579604666
Start_87	23.744607146478547	151.08909291964932	3.0185807858729623
Start_88	51.643023123006614	143.1429292355074	1.4760111279309864
Start_89	31.75271546843601	163.7676206671144	1.8467597307898975
Start_90	69.8863094492498	152.9958019862936	1.203195265001911
Start_91	23.989363268997547	153.50492493693395	-0.3604631349611034
Start_92	24.21119211735953	151.67592468866962	-1.0745049014569759
Start_93	50.55072083877628	142.89616753870024	-1.4676454866362345
Start_94	72.01265548859062	152.14991396221012	1.4544947509466821
Start_95	27.297333271593534	11.978387808024195	-1.008191028125228
Start_96	33.642311321557514	161.62567140940814	0.9123161778510402
Start_97	51.30578427683222	143.16096629897874	0.6494180773443676
Start_98	33.19607270310281	159.25467434967499	-0.26855133369607875
Start_99	24.262460870553745	149.65253161920654	2.7332104329691678
Goal_0	51.061111341610214	143.08958865054473	-0.018989402780681175
Goal_1	51.27110790515842	142.9058339118738	1.5036053430802747
Goal_2	51.252951901222495	143.48276758148123	2.0205467557844266
Goal_3	71.70213473099024	152.73451796194044	-0.43386816006950646
Goal_4	70.91293454208815	152.65153567335267	0.7332790073260989
Goal_5	29.73777440527143	161.439890130434	-1.5548572950198283
Goal_6	25.755214039398663	9.115629187352795	2.127897078396514
Goal_7	70.92958909266937	152.75931255481277	2.992415680187584
Goal_8	32.29677420849927	162.15859727025017	0.22462934832081505
Goal_9	33.038743736789804	14.704639369171446	-3.0442730501947683
Goal_10	51.37469020732773	143.09873361876282	-1.5746113354430047
Goal_11	34.78740357528114	8.010570026630319	2.06094890763334
Goal_12	26.42221025777587	10.493586851815905	-0.8050118665979875
Goal_13	30.37365859963699	161.71515492380942	-0.47389198054110704
Goal_14	72.43384247996633	152.76620052299913	0.7073759262784374
Goal_15	26.717056927666977	10.446952452013306	-2.36638788206751
Goal_16	29.447769393214504	161.29907871407374	0.6411392833402569
Goal_17	33.40685717261628	11.568364012143405	0.08553865693859874
Goal_18	24.531971566386343	150.76086082422609	-1.6239493071625843
Goal_19	31.388714282572064	161.50996737047294	1.9413006883458168
Goal_20	50.52608632253411	142.9610909787582	0.9305062008045768
Goal_21	50.34574498128286	143.0753322195566	0.4103607199238617
Goal_22	71.17594884760177	152.84204469355382	-1.9614157372794823
Goal_23	71.8364316327792	153.07843520619502	1.8851425396014765
Goal_24	33.0262574765725	163.6164361034877	0.8115965495801669
Goal_25	26.163869063876934	9.015196497181165	1.0442855546475123
Goal_26	29.16767356585181	12.212704114602786	1.2116770315651388
Goal_27	32.05155472522862	161.94657115769067	1.85641837076974
Goal_28	51.344440065206946	143.2249111958724	-0.7080096698815042
Goal_29	50.5169887559251	143.01534777535161	-0.3509953470691456
Goal_30	70.81774045730275	152.65641313763027	-2.7781218563741437
Goal_31	51.59322666090675	142.79223040788526	0.3779239050184824
Goal_32	28.861575143539483	10.599929503940501	1.160577186925754
Goal_33	26.071596170089528	11.6129858055736	-0.7021657570387174
Goal_34	71.24375725718406	152.6609864515526	1.3211196709770823
Goal_35	23.403466877445517	150.06102980801043	-3.1019641642951954
Goal_36	24.447631023861902	153.25851763294355	-1.7216271127213378
Goal_37	71.518789898267	152.46434398029234	0.532045822927782
Goal_38	29.092712860340654	13.283445328810956	-2.2621722288536876
Goal_39	71.14359576211497	153.47716940689983	-1.8823376582675462
Goal_40	25.150945544034954	6.336635108900879	-1.231030998553089
Goal_41	24.203095116415962	10.407430331498148	-2.394061218392379
Goal_42	34.34702072245135	14.088044181248506	1.0580820619080225
Goal_43	51.949757894020486	143.03636531272852	0.042008453098036025
Goal_44	31.336844779417913	162.06411538193788	0.27818948387653863
Goal_45	50.71787037771088	143.18813328630046	-2.1994685404110363
Goal_46	51.3538545381519	143.40624002621442	1.745705631739324
Goal_47	30.870636689395887	161.85420261235367	0.24722722264549635
Goal_48	28.797079146548587	13.615603779738223	-3.113275342423986
Goal_49	26.882742735558853	10.593630532624957	1.694540627777803
Goal_50	49.51293404302283	143.08213488404596	1.5293860594448807
Goal_51	50.57899913290079	143.08510136745613	2.719528622111498
Goal_52	26.12065994382619	12.004638702085884	1.1561885456352599
Goal_53	23.823133833532246	154.18123019992566	2.605477920949281
Goal_54	23.617737796224418	149.50924036126094	-1.1732697702394808
Goal_55	30.365751914812158	10.79131124740718	0.5905693156562952
Goal_56	49.818665113209136	143.17899706682695	-2.9955814629152058
Goal_57	32.38406671480269	161.21883879286978	-0.3716546747030067
Goal_58	24.07353008935255	149.08966576267372	-1.3731077639077274
Goal_59	33.33946652847787	161.50107358980114	-1.3481870950036268
Goal_60	30.525110421182394	6.864543888993694	-2.3963079252600537
Goal_61	70.58440715269633	153.2715559462265	3.131159039145767
Goal_62	30.158370834722543	12.725174044365389	2.7191427861576285
Goal_63	70.52121596330996	152.95901040153947	-1.9800468731751582
Goal_64	32.21907781429371	161.12440037908212	-0.9452912815983359
Goal_65	71.19422334033263	152.86005030318145	1.3487031353444792
Goal_66	72.37031857355677	152.39993388856814	-1.5317567182009597
Goal_67	23.819725655524365	155.20590000749883	-0.6438773640083655
Goal_68	29.873445799576604	13.196258690096158	2.9233579303562056
Goal_69	49.814118396364854	143.64450880108419	-1.9674230169506814
Goal_70	24.274592785462865	151.32764004517585	0.055254051874009225
Goal_71	24.093612377306417	153.0606717726279	1.4020646944707424
Goal_72	71.66615599662174	152.64435611031328	-1.7148537791239822
Goal_73	71.31708287078726	152.32638920657027	0.7485098406836803
Goal_74	70.72099142032114	153.38037305867303	-1.612679098387813
Goal_75	23.5753999629127	150.44808572916702	1.785163750923564
Goal_76	29.753727346785062	160.44403651336143	2.205793639139098
Goal_77	70.10205351598226	153.10242858151395	1.1836504117767168
Goal_78	50.97320314708356	143.17539164103675	1.335923394950802
Goal_79	70.70116543531006	152.65173095812318	-1.1429061927780746
Goal_80	23.39409452106413	149.74063234546955	0.7861453643810004
Goal_81	23.737327891001936	154.449378077899	-0.3279559585775633
Goal_82	30.182686944348966	10.062418262823172	-2.6382955047273797
Goal_83	23.903492329939112	152.30210944300262	1.4711955045214058
Goal_84	51.01794697665545	143.1754189943705	3.089068144412944
Goal_85	23.514869916526315	149.0000782406363	-0.17750253449329811
Goal_86	51.31307391915934	143.4624501119398	-0.23013771597810928
Goal_87	30.83675630415434	160.0610178165415	-1.4103710528239182
Goal_88	50.02160338112922	143.1912927119463	0.044852384709927584
Goal_89	26.17213672065088	11.03090661553378	2.0469801602431117
Goal_90	70.69138218638706	152.75235188852008	-1.6078815329357719
Goal_91	23.756124959997457	154.77678660790338	1.9367138044731913
Goal_92	32.53251226629217	161.5401228955528	2.737153201562383
Goal_93	50.80999667144759	143.06179835508595	-3.099645430513348
Goal_94	50.51278398496972	143.23370488737396	1.2492882479136362
Goal_95	31.238333415182556	162.78726712439195	-2.5304497349376147
Goal_96	32.1878494340113	10.097728129091848	-1.312780685728245
Goal_97	51.70450466256037	143.16091628895336	2.616864532987602
Goal_98	31.47605294557947	161.7912547280886	2.4053242382883884
Goal_99	30.74290566139941	161.88854147268384	-2.4760374381716588
