Start_0	32.52464825142958	9.299214572756355	-2.9171436732668585
Start_1	33.78588184880731	7.954595439945599	-1.0906786163342024
Start_2	33.900840236307666	9.217895812862132	0.21668206265419032
Start_3	58.16664930988599	15.046356580504575	2.0380878688715782
Start_4	56.11086862668912	7.243610026934327	1.5309386972373762
Start_5	41.51245855067243	17.339383376529312	-0.278113756112893
Start_6	56.604892197977925	7.629614465056001	-1.5854265522299091
Start_7	37.92026768016172	7.163481062826065	0.506855374359819
Start_8	23.808456839087953	20.25903406286979	-0.9305782188307066
Start_9	35.474055665795944	9.670334487575165	0.7520427616520262
Start_10	36.44990617631338	17.798197891726634	1.4748174076895983
Start_11	37.044251807345056	18.11210098442854	1.325788808947988
Start_12	41.468440644564645	15.670199118054914	2.8000249586845785
Start_13	48.80593727812734	4.680883644117493	-0.16109449896752537
Start_14	24.252507090817105	23.06312931930481	-0.02418367303468605
Start_15	49.862465882618764	9.888257509956272	1.8675504655033173
Start_16	38.35975036924268	18.176988016782083	-1.3148859337344214
Start_17	23.47692247436129	22.750208378310568	-1.589466053684765
Start_18	33.40988954278183	9.78064515344154	-3.061243513172084
Start_19	55.34115444879736	6.364312060478056	-0.8590994817806377
Start_20	43.49120583750583	7.448553911609757	-2.9839348015205815
Start_21	33.241194459127755	10.861614447659093	0.70101582081349
Start_22	58.38368316293192	14.646948455118558	1.9485047340310766
Start_23	24.631857255786308	18.994504333438762	0.7904954413288197
Start_24	35.663822922130876	16.785621398011358	-0.5378387180912791
Start_25	57.251726371621054	7.744307008164732	0.4048709517470819
Start_26	38.89891095105165	9.884758421347279	-3.0031021488262923
Start_27	43.74328641839786	6.096641699232087	2.288099300371491
Start_28	23.1430040287926	19.09815203207823	-2.665346641810805
Start_29	47.50461522614169	14.913005947381826	-0.4456847065023948
Start_30	55.404384829112715	6.92483735911614	0.42694713832768905
Start_31	37.10064646608752	16.06696918658201	-2.7287728168255927
Start_32	46.65984146258362	7.030616579151541	-1.3145628040801958
Start_33	44.25122408367334	16.580505402430035	3.002829465169298
Start_34	52.383429757487285	5.258617049424238	2.146645923365387
Start_35	32.4230960406623	9.01847722940505	-1.3224637836412978
Start_36	40.753820482645104	16.088899054524102	-1.1570506952076438
Start_37	49.848634533605235	6.822109757395765	-3.092417196362665
Start_38	37.03312809438403	17.15188040911198	-0.10446222700083974
Start_39	44.03830556109246	10.72534129544912	0.27967531429413706
Start_40	57.28171772178449	5.330795565175336	2.0281864754371046
Start_41	53.05299749530309	8.787201045440625	1.301942328415505
Start_42	57.32316545404098	5.406281049277119	0.8975297308986203
Start_43	42.149866970471585	16.570380358446037	-1.495702565150103
Start_44	46.48557658288571	15.813794758299988	1.6760307940232728
Start_45	51.642497029684414	7.057092001579122	-0.6482782416126098
Start_46	59.47469878974042	14.790397071561756	-0.890807264862354
Start_47	42.548379690128385	16.028491132550137	-2.0660581125079442
Start_48	62.83222387846857	14.934375225082395	-0.18516719689537053
Start_49	47.338705219539115	14.742614722898491	1.6417389292554896
Start_50	42.91393750272483	15.717838891009823	0.9788121546453068
Start_51	41.213808586849204	16.335370567127164	1.6586156488011357
Start_52	44.574780524873944	7.231200701703521	0.3898036786903134
Start_53	34.0313748384154	10.863493903219581	2.376980267431148
Start_54	24.22955432346288	22.314262725387135	-2.9524239612538903
Start_55	51.36673590430671	7.81232735239076	2.4532612618409475
Start_56	38.191631318500015	16.076487317663123	1.646413106264344
Start_57	40.10390470961103	8.166018812881	-2.7749238441307615
Start_58	41.27430241645792	6.911121299173168	-2.4856942704228047
Start_59	41.03099833573979	9.022718282053233	0.6375771516362998
Start_60	45.90584256491734	15.118966598440121	-0.13560257572024925
Start_61	36.047579339628854	16.331894229713807	1.447616460487902
Start_62	41.58745312966999	7.855763810269295	-0.32662070352043937
Start_63	55.438585024386775	5.68079006120427	-1.5239211476956567
Start_64	23.392812298325733	21.34549283802633	2.5472295169518837
Start_65	61.62869771457276	14.302805511285296	-1.8524094453914928
Start_66	36.193197346728105	17.006550768187775	-1.8803855608734088
Start_67	33.01467230021241	7.825124910280607	3.0244084188656055
Start_68	33.71755676778061	9.98419017022939	-2.6016269913591796
Start_69	46.16305287383598	16.141716481276713	0.9718706197335027
Start_70	55.67265037695522	7.634007433473528	3.1415830776372218
Start_71	63.67294181036809	14.33787120687521	1.3292364427239178
Start_72	23.648370092548802	21.25348886545783	-1.079918946151727
Start_73	32.382595229984304	8.361162381506212	1.7317810215848164
Start_74	33.23066734056738	8.966456619654004	-2.1925549217946085
Start_75	47.05913022847145	16.81633958034803	0.7641242089437865
Start_76	60.83514697980894	14.497555379707848	-1.730332685960094
Start_77	44.01474379777288	8.058069233426295	-2.847342970084613
Start_78	34.55570039018691	9.321749020876638	2.074014813261578
Start_79	41.65653565330233	16.62806191818412	1.4926429884428565
Start_80	40.31419483262435	9.890986416075332	2.8523488088194515
Start_81	61.92075222686578	14.072586044496546	-2.4664632073141775
Start_82	44.17505239763877	9.004934408919965	-2.193460237584825
Start_83	41.127227512790114	6.778913899769968	2.591154786496511
Start_84	47.01487918048114	10.090406645872875	-3.0174859663731857
Start_85	46.88795534446734	16.713383166173962	-1.2456273029844147
Start_86	49.83014021613861	8.199356240806488	-0.47514903490737437
Start_87	60.64493841683776	13.71301019939122	-0.8810154523169129
Start_88	49.71056688976656	6.071206834224498	-0.22011027938256955
Start_89	44.11253104557546	8.446697284059582	-1.42610171555485
Start_90	47.32476183749529	15.438525088970128	0.011415854470046227
Start_91	62.36359061107339	14.831709924730294	-1.131953188235768
Start_92	47.713406825383395	15.461784058735216	1.2562100540109356
Start_93	49.35677878788555	7.006271609102619	-0.7129847824488853
Start_94	46.88922445271601	17.208120050740217	0.7998002433143099
Start_95	61.77933560933939	14.32889306637632	1.8542349369679458
Start_96	46.3684980113431	16.498955041822704	2.2081959958682598
Start_97	36.702861469868814	16.339977502086754	2.0874320776536823
Start_98	54.954363342632085	4.868027288530428	-0.5040653367275727
Start_99	50.82159013867777	6.054650143080927	2.5065929983570863
Goal_0	32.87347554548903	9.762357296898543	1.6628781779805992
Goal_1	45.99435412163783	7.629065139102842	0.0066321430048672525
Goal_2	49.067921960856886	5.493628851748653	2.278014949662725
Goal_3	52.47630182103219	6.403660816736611	-1.780202057672938
Goal_4	43.466700377780946	5.952884908503073	2.420089039069591
Goal_5	37.04878815551897	16.00567844408898	0.6529106988685989
Goal_6	61.08327486836219	14.392987845521901	2.8714321194565464
Goal_7	58.295377175986836	14.1481391034036	1.3515882886560346
Goal_8	64.03351117595584	14.329752296971328	1.1749767326208804
Goal_9	33.19396080814986	7.74582085307167	-1.31299828683721
Goal_10	50.642000401738585	7.699191796880974	-0.20592244408230753
Goal_11	35.362956144754385	8.143080027226148	0.23027802811464237
Goal_12	35.469698634795634	16.279430019569407	-1.1450596519942433
Goal_13	42.45967927600681	17.255179811960033	2.310802085882277
Goal_14	33.757785485257735	10.233338504259791	2.543011828130492
Goal_15	36.816080450376774	16.979475337718604	-1.3578156711423728
Goal_16	32.82794123955328	6.4776989135213086	2.275296565184675
Goal_17	40.941770554790274	17.488741736684336	0.9720308850665145
Goal_18	47.13990000140155	6.666079024476964	1.814897850866652
Goal_19	46.447978121534035	14.940753658567445	-2.918916749796565
Goal_20	46.25416618443652	15.408371527860208	1.165968533992956
Goal_21	38.22133614189803	10.363227135067163	2.6784790695366683
Goal_22	23.989555338250465	21.805935099680458	-0.4143073565086346
Goal_23	58.27640510659995	5.8460746424471495	0.8701060930551723
Goal_24	40.451469777276756	14.72412808675761	-1.8743393656493743
Goal_25	22.87669871656068	19.525782992892093	2.7092712380538257
Goal_26	37.90879654401543	9.463831263046018	-2.788339204960927
Goal_27	43.55019275645443	16.4686618963629	1.6177906624659588
Goal_28	41.544808454795856	15.775812184974086	-0.4498556911827585
Goal_29	37.080963858964914	17.505655049411725	-2.244556787458181
Goal_30	38.22457136635341	7.820910309910751	-2.4271035216525663
Goal_31	52.337682150569655	5.668378374099504	2.08648072799393
Goal_32	62.60744792954762	14.851276043800361	2.071723492958971
Goal_33	37.98702986612064	9.248567496593687	2.5578210729281308
Goal_34	56.96319717076081	6.9356861365774805	-1.5324685812649868
Goal_35	24.06749633161415	22.761596523969377	1.8487022133680453
Goal_36	23.284057600973803	19.25275841368602	-1.6402203854143573
Goal_37	55.52206085134083	5.678390236789106	2.4049767080309445
Goal_38	47.03715992366836	15.139677212685456	-3.019226919580277
Goal_39	38.49256726368028	7.729788249006255	-0.04300878524478868
Goal_40	23.04896625768673	19.075014612900812	-3.0989380621325817
Goal_41	45.93352810393332	17.13878612317149	-1.2142742595526386
Goal_42	35.95314766578357	17.897136045984528	2.870535143736891
Goal_43	23.56435648248427	19.04150698916481	-2.222725268270245
Goal_44	38.722189057561664	7.89098027888803	-0.03710609354964234
Goal_45	43.934961077521415	16.87591247690227	-0.793512023683383
Goal_46	37.61305551090109	7.581051784623838	-0.3721718319376901
Goal_47	35.93030033011581	16.914559193438944	2.9259688467979004
Goal_48	54.91055133507686	7.3318342776813665	0.544879045288424
Goal_49	52.074464795726435	7.439747052125277	1.3906196386253837
Goal_50	41.88998989747825	16.855869130163782	1.2755435710344312
Goal_51	45.84153364524273	15.498593338052078	-2.261517536578528
Goal_52	59.47468631372977	14.996526607158533	-0.6109597584288
Goal_53	41.64476580083347	17.211173148241283	-0.9823816714521278
Goal_54	23.581179948729652	22.323069372280255	-2.243385224949418
Goal_55	43.91528349247735	16.807340935499646	3.033826280296881
Goal_56	50.19839584710958	8.968796354780054	-0.38396736035644663
Goal_57	38.59904798052638	6.606301450992355	-0.5047621135931393
Goal_58	45.96356270546312	14.978406042242735	2.7820720311728744
Goal_59	57.19064712408534	5.40916288669419	0.18307596857640407
Goal_60	45.54657455937319	10.47380924009115	-2.8245845553744515
Goal_61	39.95895964387443	9.726123130885224	1.2599361526266195
Goal_62	44.70467987358078	5.1885533480572406	-2.6292434125744517
Goal_63	46.578975167274024	8.002330411142296	-1.3028646428252155
Goal_64	37.89610625258433	17.937816082887924	2.1071251940883045
Goal_65	42.96755039671665	15.81216294041402	-0.7709017415856243
Goal_66	50.367218558565284	7.122404388750056	-3.049105788317007
Goal_67	42.28807800447533	16.764283898345667	2.234555248719075
Goal_68	36.82776815725906	17.33488562058269	-2.78054927119963
Goal_69	36.495470524303364	17.63610084159845	-1.7708725208826956
Goal_70	59.14458225492468	13.572835016601864	-2.6653504957495273
Goal_71	47.21349420473306	16.119657389304166	1.7381523308543114
Goal_72	35.28753430939806	6.179795435972487	1.6193870717519045
Goal_73	23.421456657700656	20.74291712190301	-1.947398221579114
Goal_74	23.391682504482343	20.273657593351018	-0.7599602952554898
Goal_75	50.85013681342087	6.532587477753481	-2.4263795106673123
Goal_76	50.82873167397741	5.259235667396766	2.3819871934020114
Goal_77	51.77317284138895	7.902878869296188	0.13523298348174606
Goal_78	44.42713482804039	7.48264735765602	0.51242973073672
Goal_79	52.097125988485445	7.762676081499315	-2.8055784697902255
Goal_80	34.91052692936961	8.562939923278499	-2.953166526414924
Goal_81	41.06787015072319	8.478278494510938	-1.3176631892269832
Goal_82	62.78545031657369	14.876139266799964	3.003563571671486
Goal_83	55.16732064341399	5.9579035470114405	0.21330055979234563
Goal_84	45.96193234438165	16.39627592643841	-0.4464111961338486
Goal_85	45.450049830976276	9.177514389591288	-0.4672244015395117
Goal_86	47.64842778033527	15.1229582104883	-0.6891029062035643
Goal_87	55.95030808070257	6.901361038890919	1.52912804368448
Goal_88	23.75895778832117	22.90350591378859	3.048245590094661
Goal_89	45.94586939328281	8.149743924438084	-1.0968288848141352
Goal_90	23.431833806948944	22.155713614654488	0.9212324647519958
Goal_91	38.68888472831769	5.897953963629945	2.3462408507581083
Goal_92	23.696261999624088	20.07500624924646	0.35107283308620296
Goal_93	55.92210683354136	3.7828524360477402	-2.5200751372435204
Goal_94	44.9313182822886	6.582661629701221	2.512874199719607
Goal_95	60.24962594391907	14.181544875954295	2.885141768161035
Goal_96	39.79891367504731	8.028627112673703	-0.2770841969056872
Goal_97	55.663830821732944	6.294312816972692	3.0737535157969953
Goal_98	35.70989321009414	16.385233257329986	-1.7162776885349158
Goal_99	62.38100973421026	13.604464612345385	1.1980551527855452
