Start_0	34.29539286923118	8.999381098891384	2.3189902110011014
Start_1	49.95157734880545	9.481985106599339	-2.2305136772572314
Start_2	46.452036671505795	17.308155772381124	-0.3950516256044403
Start_3	36.087913249641595	10.906721172508455	-1.1782098679831838
Start_4	23.957117628023234	20.719096780682356	3.0177928323080385
Start_5	43.15261829107764	16.783526571484163	-2.621902272781608
Start_6	56.44139992492215	5.652554311530871	1.1247272386011202
Start_7	55.016648611233066	4.618998459758274	-2.650372513359063
Start_8	52.775400819969484	6.123618100470125	2.924673550566017
Start_9	45.34484814750962	7.471702662754865	2.9370693040222386
Start_10	49.812459523574866	4.825310175220906	1.65795166708192
Start_11	60.85667996213137	14.724908572306852	-2.580037458870723
Start_12	50.59462179872487	6.633056212234521	0.125738729804298
Start_13	57.78963591388848	6.770119146822516	-1.263127813496617
Start_14	56.25311743302002	4.741420100646593	-0.030227562966090193
Start_15	40.65184093289204	15.174386308306921	-2.0641463161192632
Start_16	37.44673240178688	16.937771203779544	0.476487852179841
Start_17	37.27885020567379	17.634184683009334	0.7186451591505767
Start_18	41.0778143260262	16.987282716635654	2.8831648138484516
Start_19	43.74399651054714	15.724817270714968	-2.309765150970835
Start_20	46.283825555869726	15.439844501022261	-0.27807153007362206
Start_21	35.06970210068736	11.097445802447005	0.031072830835598975
Start_22	41.03758094279031	9.362282928638116	-2.3321416829323933
Start_23	61.14927817319647	14.42111627815834	3.1149998571725472
Start_24	46.65301528934173	16.05079939303916	-1.5335122588142331
Start_25	44.9958368412479	6.874507748846675	-0.12768146492344634
Start_26	35.7825091034654	8.496057680879069	1.987779598072441
Start_27	45.84954073778082	5.680168457825232	-1.2907380461332636
Start_28	62.67420464161433	14.65419022899681	-2.1159455280257595
Start_29	46.71742416755601	15.949063995461355	-1.617123040491421
Start_30	37.7278484325283	17.069704582400846	1.9233008922474841
Start_31	51.42343322347777	12.283634531119866	-1.3530378574090989
Start_32	45.636542618995556	14.629430701800942	3.1094602774641844
Start_33	23.393065403003675	20.289729357128067	1.0387739033425376
Start_34	40.59585581748235	16.97019498702989	-2.1686175094936435
Start_35	46.63657072972185	8.12484049239221	-1.7583255091186611
Start_36	62.615634658200044	14.582454669767461	0.8382142502604277
Start_37	37.19023252091191	17.03452294247992	1.7684806592718605
Start_38	62.53427047899789	14.688694150286683	0.6798039587003011
Start_39	23.667439338924495	20.471153020720866	-2.3400365428543424
Start_40	37.211857652531464	16.102986914533258	3.054285719532138
Start_41	22.98327158505104	19.826136007038443	1.7940793232892798
Start_42	23.989298404336836	20.114414475953414	-2.4713634233990494
Start_43	46.46613828444568	6.636206559155831	-0.36251775929352714
Start_44	33.314061427890586	7.931933861914587	1.191722803604625
Start_45	58.2300833208077	15.194249171084415	0.7747175052970365
Start_46	37.64536724950004	9.051834442203123	-2.8031424466774846
Start_47	56.67436392811237	3.7834233522097733	-0.8838801713011728
Start_48	41.86562747146666	16.551379931230308	-3.0309321618901413
Start_49	41.657037802097214	16.326795564199063	-1.773906695666078
Goal_0	34.949518523549976	6.57354424528517	1.4831691599098766
Goal_1	40.44191345335672	9.042569610872661	1.8602440032749472
Goal_2	23.846267300697	21.528653214730458	1.5336127994352333
Goal_3	61.55967487934536	14.249525834061615	1.2822768116246337
Goal_4	34.196598069622574	9.43623745298573	1.8057002522022056
Goal_5	38.06592913088883	17.43263719680926	-1.7750645015204882
Goal_6	38.08177688737341	17.611605562158314	-0.3011137372485755
Goal_7	47.46626225030103	16.20520315964565	0.6140659901062167
Goal_8	42.14687063303299	17.38496539636938	-1.0305898904122093
Goal_9	62.391970026081715	14.879089246924927	2.153164718266509
Goal_10	45.519160846156915	5.29713219217151	-0.872213268941604
Goal_11	39.983038830143705	8.474815216958888	3.1313867586661104
Goal_12	41.51478375746634	9.356226092116806	-2.0862860767327636
Goal_13	22.932772723685126	21.068242817461513	-2.044962014762751
Goal_14	59.405571860916815	15.620736599427495	-0.19452470358073626
Goal_15	50.73658259567177	5.974689306055488	2.2091952301418116
Goal_16	55.133882954634196	5.487075847809713	-0.11798004124597838
Goal_17	52.371955209903916	6.4138824526426035	3.0569185185286276
Goal_18	37.938163241340206	7.432522376320378	0.5041963098227673
Goal_19	24.15696801472492	19.386826581795393	-3.011126025562848
Goal_20	42.76478627124667	17.18376617923173	2.7560745492799077
Goal_21	47.598245513648806	15.251129092022843	-2.444089513192181
Goal_22	46.941570892073386	15.360106696119086	2.7217025811631226
Goal_23	35.29112231751095	8.465104760489758	-3.0633027571219458
Goal_24	41.949708628111516	15.623891004286047	2.529781680468326
Goal_25	49.17950749109692	8.982677936763757	-1.5617114808699155
Goal_26	38.86003934367668	8.736603064190838	-1.914066617643831
Goal_27	59.978412378465684	14.179538886937607	-2.2094551996053573
Goal_28	40.20679849664047	6.308147076044527	-0.5275449419512843
Goal_29	35.901700280594575	16.552049206582947	-2.9667858964071194
Goal_30	47.28747227541756	15.836967990555259	-0.49881823244004453
Goal_31	45.892422122248064	8.298021943899805	0.36496772150331314
Goal_32	56.16646678919558	5.744970173062207	-1.8306778452111754
Goal_33	36.87856807276545	16.933130187895213	-0.18342854872635517
Goal_34	34.67132361773808	8.616303723102966	0.11214603083918018
Goal_35	58.14469926163585	7.268055821884708	1.796013865950905
Goal_36	40.2055908184124	9.685115246201583	-0.2332553980352352
Goal_37	45.81624568052147	7.921431400256807	1.1394606235192475
Goal_38	52.29063180013336	6.531310079036082	-3.1174921590300335
Goal_39	49.66819275137254	9.492378157379264	1.5284985439196515
Goal_40	36.35965869077179	16.879923997452924	-2.528708222177377
Goal_41	35.365253094255685	10.224724880711669	0.8732306586621918
Goal_42	43.24799158392173	17.253948901916257	-3.0799480638296637
Goal_43	24.210829877166354	19.790561807600916	2.0254884434764353
Goal_44	46.322577803222856	9.864774041188578	-2.509941769084085
Goal_45	23.37923949065022	23.013358283224104	1.3829848432573524
Goal_46	32.34134086051114	6.917562344823246	1.0209143104476528
Goal_47	50.805675751899706	7.43578106427433	-0.2753753661899707
Goal_48	55.65346443615118	7.102225485714669	0.1335865466792101
Goal_49	44.295178548007975	7.25748103578632	0.2333907155342385
