#Locations
RE_S_0  12.6  20.64   0.0
RE_S_1  26.62 12.54   0.0
RE_E_0  14.   16.66   0.0
RE_E_1  28.68 23.10   0.0

SA_S_0  20.   58.56   0.0
SA_S_1  30.72 49.46   0.0
SA_E_0  31.5  61.76   0.0
SA_E_1  20.   52.56   0.0

P1_S_0  28.   79.04   0.0
P1_E_0  20.7  72.76   0.0

P2_S_0  68.5  74.74   0.0
P2_E_0  66.3  78.62   0.0

AH_S_0  78.38 75.6    0.0
AH_S_1  84.   75.48   0.0
AH_E_0  76.   79.3    0.0
AH_E_1  86.56 79.     0.0

AW_S_0  83.   39.46   0.0
AW_E_0  87.   39.46   0.0

P3_S_0  77.   34.56   0.0
P3_E_0  79.   29.4    0.0

#Paths
