#Locations
RE_S_0  20.   10.64   0.0
RE_S_1  26.    6.64   0.0
RE_E_0  22.    5.64   0.0
RE_E_1  30.   13.64   0.0

SA_S_0  20.   54.64   0.0
SA_S_1  32.   58.64   0.0
SA_E_0  20.   44.64   0.0
SA_E_1  32.   44.64   0.0

P1_S_0  26.5  75.64   0.0
P1_E_0  29.   75.64   0.0

P2_S_0  67.   72.64   0.0
P2_E_0  66.5  75.64   0.0

AH_S_0  84.   72.64   0.0
AH_S_1  76.   72.64   0.0
AH_E_0  84.   74.64   0.0
AH_E_1  76.   74.64   0.0

AW_S_0  84.   36.64   0.0
AW_E_0  84.   38.64   0.0

P3_S_0  78.   28.64   0.0
P3_E_0  78.5  26.64   0.0

#Paths
