#Locations
RE_S_0  5.0     17.5   0.0
RE_S_1  15.0    17.5   0.0
RE_S_2  5.0     7.5   0.0
RE_S_3  15.0    7.5   0.0
RE_E_0  5.0	    12.5   0.0
RE_E_1  15.0    12.5   0.0
RE_E_2  5.0     2.5   0.0
RE_E_3  15.0    2.5   0.0

RO_S_0  145.0   35.0   0.0
RO_S_1  155.0   35.0   0.0
RO_S_2  165.0   35.0   0.0
RO_S_3  175.0   35.0   0.0
RO_E_0  145.0   25.0   0.0
RO_E_1  155.0   25.0   0.0
RO_E_2  165.0   25.0   0.0
RO_E_3  175.0   25.0   0.0

AW_S_0  145.0   55.0   0.0
AW_S_1  155.0   55.0   0.0
AW_S_2  165.0   55.0   0.0
AW_S_3  175.0   55.0   0.0
AW_E_0  145.0   65.0   0.0
AW_E_1  155.0   65.0   0.0
AW_E_2  165.0   65.0   0.0
AW_E_3  175.0   65.0   0.0

AH_S_0  145.0   115.0   0.0
AH_S_1  155.0   115.0   0.0
AH_S_2  165.0   115.0   0.0
AH_S_3  175.0   115.0   0.0
AH_E_0  145.0   125.0   0.0
AH_E_1  155.0   125.0   0.0
AH_E_2  165.0   125.0   0.0
AH_E_3  175.0   125.0   0.0

EL_S_0  145.0   95.0   0.0
EL_S_1  155.0   95.0   0.0
EL_S_2  165.0   95.0   0.0
EL_S_3  175.0   95.0   0.0
EL_E_0  145.0   85.0   0.0
EL_E_1  155.0   85.0   0.0
EL_E_2  165.0   85.0   0.0
EL_E_3  175.0   85.0   0.0



#Paths
