Start_0	35.84532804711261	11.183624153160977	0.02897266491184558
Start_1	63.00644611445533	12.552448557343233	0.20848165048830936
Start_2	54.986405556285106	7.134027813406057	-2.1420922623675507
Start_3	55.7733365131424	4.517344351844528	-0.6975419064019572
Start_4	24.363164727412904	20.60774903868899	0.7480254203730485
Start_5	46.81367903685115	15.080067745661758	-1.7045182750786017
Start_6	46.04428329879383	6.084644213311137	-1.6791857828076362
Start_7	32.9727490432442	8.566319945478142	-0.8673706889509254
Start_8	45.29326147523572	6.548545264866618	-0.9386334831261611
Start_9	52.37667728688876	7.7398906021722595	-1.4820385942736987
Start_10	45.43752737536544	7.944023040305879	-2.2671051499955346
Start_11	52.76927943978255	8.549158124261822	-1.5687796689642155
Start_12	49.55795407906827	5.040069495982472	-0.6217165010467638
Start_13	43.06606976438085	5.981631969631003	2.1771240568234784
Start_14	57.250725576121894	7.268990542285707	2.0938107597300704
Start_15	34.589601846789314	9.017472567138938	0.38820065925901126
Start_16	23.916358877068983	22.87786751962589	0.33179663014759697
Start_17	44.2468349592087	8.688598866362632	-0.5799129854167888
Start_18	41.66416494453994	8.472352367859827	2.2182761115471923
Start_19	40.180312854677084	17.141210164637886	-1.6314933379478413
Start_20	32.158710340663006	7.530496204240137	-2.5394708019752468
Start_21	63.43287288345127	12.953115557356853	-1.6686930480770645
Start_22	22.872278492442266	21.99366492178261	-0.2466815838465508
Start_23	38.00402705449128	16.7420106531329	-0.6105287028590927
Start_24	57.68126787114181	4.168249096523475	2.166559009506094
Start_25	44.943375791759536	5.4611717278272565	-0.9231147622861555
Start_26	55.893673458910506	5.454034751142132	2.932792842766272
Start_27	44.269483029307686	7.938954945578914	0.27643828311435525
Start_28	44.10046828867215	7.277975612480539	-1.2593771958370632
Start_29	45.947848618263905	17.23314952270438	0.49576853763411854
Start_30	47.410478215276214	17.020828895873233	-2.6823380270683685
Start_31	23.316289353568465	19.236911626945066	-1.7253207276167377
Start_32	54.61216534300911	6.29911579394485	1.4235557057523005
Start_33	58.475123814031235	14.959954736910262	1.1811010544198028
Start_34	61.781304191261526	13.777715498211236	-2.315946627177441
Start_35	42.76270596333857	15.118244063346818	1.5437196316904602
Start_36	49.493975524233186	6.659372302977829	-1.0406740080291015
Start_37	24.462576358570438	21.14264697606918	2.2889996133813533
Start_38	62.426711074287724	13.692703716764413	1.9151523861601616
Start_39	37.33900770961958	16.881525335197594	-0.18090110717658225
Start_40	32.75206285338523	10.861343863606333	-2.8246272727093538
Start_41	58.29523799178685	6.951945354727272	1.3237737901040951
Start_42	62.69865804844927	14.528766701472339	-2.0922072447662208
Start_43	55.427361007541805	5.340327807659669	-1.0340280100555792
Start_44	61.70044052446149	13.877191180972293	2.5757423929345773
Start_45	24.1892902853709	22.535763699907857	1.8774113575466993
Start_46	61.37955799183136	15.287176353814385	2.141950865441169
Start_47	57.8188375909755	5.5194714298423335	0.29067269614539937
Start_48	40.3828950964687	6.488204774829377	-0.8705873876598305
Start_49	22.965814482695446	21.230465099406654	-2.4670413930893664
Start_50	51.24643856402273	8.254303495876648	1.1442636969477151
Start_51	63.32977472854652	14.157356964945215	2.8313750587562145
Start_52	37.57679739428194	6.436803311929808	2.887110758962236
Start_53	54.78876011671368	4.103185256722661	-0.46409263403117595
Start_54	42.50402382216872	16.986528532130297	0.6465837032880022
Start_55	44.919032431107475	9.471778026336793	1.6705068928819786
Start_56	60.81130304553014	13.899851722189528	-1.3437655386089615
Start_57	58.3963001119713	5.226250263492091	-0.7335359634078356
Start_58	40.006115922763925	7.649716555197408	-2.8337719890774413
Start_59	23.076832790932862	19.444638008163455	2.6305202465018187
Start_60	35.349687107406254	8.571868745768334	-2.7793094524072965
Start_61	51.03367445038123	6.406012048426568	-3.063517449630112
Start_62	32.93537738660304	8.333554682984712	0.6979725167777451
Start_63	59.861672161740614	14.395290687956997	-2.9112025096158622
Start_64	24.35568482523735	18.49710459920342	-0.37143885935758814
Start_65	45.975850094592154	16.080070667346916	0.557900037713547
Start_66	38.217297971975306	9.185930028266704	-0.6844213661101808
Start_67	41.509221992381654	17.577751657149324	0.38969246252733614
Start_68	32.555201731529145	7.848668788673258	0.4016019703554248
Start_69	61.95803484803387	14.53648074795327	1.4690236387455995
Start_70	45.94938030465173	6.127484919955073	-2.7165638718408007
Start_71	41.98985368475901	16.254818733484957	-2.9214264546853173
Start_72	46.13674080087908	14.699215921967134	1.2874059747847006
Start_73	60.06868536093947	15.725751862614025	0.35342962931137567
Start_74	64.46165418273063	14.710492697086782	1.0099943905263
Start_75	60.867202990619546	13.774250516680858	2.2824418831593185
Start_76	40.37805833162632	17.134800908456754	0.01936608867871037
Start_77	36.941924776127216	17.225133638286792	1.792063043541491
Start_78	42.70980163687731	16.536266160566637	-2.550713811809338
Start_79	52.24873133246112	7.511531656520404	2.4116209342026877
Start_80	57.189411733972506	5.12665770068989	2.6042885704059655
Start_81	24.319624324441694	21.520694105340443	0.9692248024730006
Start_82	37.62138455003023	18.076210709726666	-0.5814378237877564
Start_83	39.49176221429455	6.0136768106424014	-1.225010282268269
Start_84	23.759629275008287	23.68702839276371	2.381187763914399
Start_85	34.87096382148944	6.002962404914314	0.5396772601869233
Start_86	41.81918481865224	9.82060638867669	0.2521432563557853
Start_87	46.56828886579205	15.639794742534267	2.6156102094734743
Start_88	45.955808473139534	6.180121226872771	-0.5890456386323977
Start_89	46.087692877795526	15.008234531034194	1.7599812221554645
Start_90	59.116035555993044	14.62613785401037	0.157980054057842
Start_91	33.9294580203134	7.68432987602074	-1.115109885070261
Start_92	44.67506627732577	6.833301150029122	-1.1788156384906152
Start_93	36.53474226876143	17.789355839817947	0.36477265059501773
Start_94	45.21822191553884	7.5206633175972755	-2.1304037391731754
Start_95	49.8361447745054	9.18113679068783	1.3784321740699736
Start_96	46.374079904225	6.55957526518592	-0.8166925644401526
Start_97	56.00995885138485	5.993954867196372	-2.7972128995828327
Start_98	60.130153164109416	13.48462980881951	-1.0598603238988713
Start_99	44.50621067623973	8.179210958491907	0.7961877369211257
Goal_0	49.63059332672221	4.2804757213548825	1.6613551739760766
Goal_1	34.83642993898238	9.102177866199561	-1.755386521876311
Goal_2	23.706704485640312	21.160904312911153	0.7118072711782153
Goal_3	46.99235178265443	15.52361985605124	-2.7789980924608684
Goal_4	63.90919461658278	14.396378493109232	1.4593954894297898
Goal_5	24.320320875562103	23.48343354126168	-1.6524853163503754
Goal_6	46.87962580467755	15.99029561904403	-0.3285115784212982
Goal_7	61.34201388663447	13.67287828841312	-1.4732115644368369
Goal_8	60.175002255292966	14.85504093954492	-1.1330185565343003
Goal_9	41.03436536958267	6.75349191835781	0.9297570103901762
Goal_10	37.07593580643409	16.231266425431013	2.3050032880284395
Goal_11	47.53399149101042	16.755366293606972	2.339884988726274
Goal_12	56.39950292425881	6.514187830446403	2.4311924078359555
Goal_13	41.099074570032144	16.541796731413378	-0.5282418092155381
Goal_14	46.89935513861825	15.916444969940994	-3.046098153818276
Goal_15	32.96760799714146	9.687944830165051	0.3749821000168412
Goal_16	57.52855694324269	5.7743592967869475	-2.0489156974778266
Goal_17	47.32403681260586	14.925140982797014	2.15264660080652
Goal_18	39.52941890457736	9.114842150436878	-1.4728218254374228
Goal_19	45.70131815770414	14.967167786161536	2.6741159812544897
Goal_20	36.55481630325781	17.151032102159178	2.4888101904877304
Goal_21	44.920575862873804	8.589623050204601	2.005166676982446
Goal_22	46.771713567870606	16.732772870196897	-1.6558726457401889
Goal_23	33.2995925539077	8.124779194872538	-2.7551934916912817
Goal_24	54.91236514436362	5.689052571018081	-1.657833701090397
Goal_25	52.03991238364932	7.576707434902502	-1.8580206233003345
Goal_26	48.96814238142481	8.14824848685376	1.7437134470196565
Goal_27	55.44543706425376	5.324983316057356	2.051213975630364
Goal_28	47.35073703195975	16.604167086750234	0.18888665385189718
Goal_29	55.349767441086435	6.640463806084398	1.8988795022930667
Goal_30	46.611014126845866	16.348134000362368	1.5261604070534647
Goal_31	40.001646710178996	6.988504710760729	3.026414297314166
Goal_32	33.75252372297517	7.099693427242599	-0.02656294903147005
Goal_33	24.264741324571894	19.5026048154232	-0.9883820933294105
Goal_34	24.223518083445825	20.601179428423027	2.1379642854421794
Goal_35	41.41687207871869	10.358938049171542	-3.022906745261733
Goal_36	38.66253382440078	9.847765266796891	-1.5409098280193054
Goal_37	34.23379709907595	6.624400502532687	0.7873697003888087
Goal_38	33.7722936864227	8.000886214178202	2.6788693344544994
Goal_39	40.32371202795629	7.479544166671239	-0.9643241743715567
Goal_40	38.69388157448697	9.36782293850505	-0.01231334128633721
Goal_41	32.66998899444092	9.525266132813659	-1.3394537191893872
Goal_42	33.32416251503189	10.126552798421766	0.6657683017088698
Goal_43	41.53428093874378	10.933412341601716	-1.3703272267788602
Goal_44	63.95317520129475	13.673217346393912	-2.8087162282192466
Goal_45	33.094081057434764	8.215503535324885	-2.545916804892853
Goal_46	52.32926474525415	6.503403743959389	2.486181367371696
Goal_47	35.8206005151842	9.967339769914165	2.905491825300772
Goal_48	37.57433697739253	15.870408187408088	1.701435592394823
Goal_49	36.45649693250231	18.221627001118385	1.7012289388189883
Goal_50	38.486481239063586	8.117594360607555	-1.5942157772269736
Goal_51	40.590274138244794	8.569489303868039	-3.09629463932322
Goal_52	24.187221350281803	22.3027103619715	0.23364501111665748
Goal_53	47.10621239846712	14.674125491715007	-2.4843861613096165
Goal_54	47.53666652174954	15.346047016540798	-3.096960164146939
Goal_55	45.6831723959996	15.82558062460518	0.7102143585846741
Goal_56	24.260284648905245	21.54036581756152	0.3389703805990263
Goal_57	37.307810695180635	18.00269774779127	0.8927293213222871
Goal_58	45.37186539318905	9.275999093693834	-1.3649421488212634
Goal_59	23.97763721096684	19.518050185293273	2.56839021255694
Goal_60	37.45964992505616	17.082086373353103	1.6479568099963915
Goal_61	43.9884244503986	5.957565617465157	1.6276403027525665
Goal_62	41.41628338051702	17.17578322071966	-0.6157847202446156
Goal_63	46.20381334756315	16.96802547534476	1.0637024529282852
Goal_64	47.28190041113884	15.105776600762947	-1.7540003171168552
Goal_65	36.313766380169305	17.552004693382028	-0.1351506725841154
Goal_66	23.76608811966191	20.749938542850096	-2.151345005712962
Goal_67	35.46746972743487	8.554690246172214	0.9588568699256745
Goal_68	45.74137319038944	16.656012434567682	-3.1143353660111206
Goal_69	44.13500607290313	16.22248181015777	-0.4221673490674145
Goal_70	45.653408323163106	10.987632147717271	0.08422114530335811
Goal_71	55.32675928334672	5.299437675036195	1.6383606679950882
Goal_72	58.17537992379811	14.322703435446506	-0.4308718997055312
Goal_73	62.21862166110872	14.451798915930503	-1.9081673216866355
Goal_74	50.556630316578016	4.7857200357625445	-3.024382537822242
Goal_75	51.39737311448487	10.9664339370315	-1.1573395082893285
Goal_76	49.543822891909315	7.341853017760201	-2.000396585870684
Goal_77	23.972850484716098	20.3714078264442	-0.6983871647946476
Goal_78	51.484791941877106	7.310776717553729	-2.623483231367817
Goal_79	40.666557947781044	16.70550584633244	1.2764959305966013
Goal_80	35.825977174879334	15.729158942146665	-0.5429515219321597
Goal_81	61.98200065775732	14.108824009196333	-1.8106762502465164
Goal_82	45.643934738390335	5.078365264765708	-0.8844680020583273
Goal_83	36.697303234368455	17.15559321592007	-1.1819605002589673
Goal_84	36.815687210622194	17.461194177265906	-0.13873134443163604
Goal_85	45.70202211613994	9.802116699558582	1.3349696282835222
Goal_86	61.30924681781712	14.61970796288259	1.4757872921939201
Goal_87	46.84876941027607	14.96912828946698	-1.2566350879190016
Goal_88	43.009067722873745	17.204212434535975	-0.20727190954156782
Goal_89	33.627975213923236	10.321056367660212	-1.0844986661477543
Goal_90	64.14502185911421	14.056491657749316	-0.9906089818113943
Goal_91	57.15695735070524	7.1675559510048075	0.09163868151254473
Goal_92	49.53205508867852	7.0955074085336065	1.613684029425884
Goal_93	57.855765615053436	3.5758330172350554	2.705762970337892
Goal_94	23.85239090427295	16.36246204155151	-1.726881030058658
Goal_95	37.02898459760788	17.714384688697905	0.020852305369765123
Goal_96	50.38882040806518	6.394653984991649	-0.6787033526137525
Goal_97	50.038533994378305	7.598307572770956	-1.9381098914283335
Goal_98	41.705135988275245	16.366929512195938	-0.850573354022933
Goal_99	51.67984377755428	5.608852225992166	1.21615742508288
